000005_gaussion.jpg 146.85910062317475 255.2220571759419 319.3711212853449 374.9 8.0 26.462736278943453 262.096536349581 213.762317457532 374.9 8.0 0.1 175.54359416432868 13.50658635240353 343.45175680427405 8.0 141.85935769162705 229.6272214237305 287.8990738289132 367.76079310363093 8.0 228.1482177599102 239.34690950794499 295.4500504874653 295.3058028203468 8.0
000007_gaussion.jpg 48.80182066309497 85.54583448045963 391.30334250176503 332.9 6.0
000009_gaussion.jpg 128.7229259409425 52.7170116894794 325.545990894462 246.19030239075215 12.0 203.71500109471356 104.71288162486377 300.8716478402247 254.37071256639138 14.0 298.4375392051322 37.71306352512767 363.2993633669418 166.39270468027877 14.0 277.6820708427838 46.95086972113729 340.428073072168 175.7986803744302 14.0
000012_gaussion.jpg 230.7753020565183 71.5630562379556 424.20548240332175 214.89061745935925 6.0
000016_gaussion.jpg 16.037759669874916 0.1 272.03262327791333 416.61211066179527 1.0
000017_gaussion.jpg 192.82862002946104 167.57138377708458 327.25566679438333 320.128772841819 14.0 57.30193117437854 9.100070327130915 459.98376010097843 323.2034009191731 12.0
000019_gaussion.jpg 209.94791004735768 0.1 499.9 249.09022980450607 7.0 23.74205724108375 0.8397170381577439 358.40050188753014 328.5573973507921 7.0
000020_gaussion.jpg 0.1 41.093916302438515 374.9 365.915985354973 6.0
000021_gaussion.jpg 71.1163598565915 315.9384188033173 310.1512191057559 499.9 11.0 158.1625456467193 63.86949786341708 335.9 499.9 14.0 34.449827746125834 169.65204134003233 287.8366809275674 493.50436796448514 14.0 52.90796572445686 277.3397311651942 289.9272436946729 499.9 14.0
000023_gaussion.jpg 0.1 193.35291563426446 212.4710194146446 499.9 1.0 130.3081660999116 257.4188630752074 298.95503575460674 499.9 1.0 0.1 135.34739575644983 79.33820916363257 499.9 1.0 0.1 0.1 149.39603469159468 378.6128810868614 14.0 0.1 0.1 268.0160433603148 499.9 14.0 129.11754601639205 21.408356115518743 333.9 499.9 14.0
000024_gaussion.jpg 229.09759259401397 125.33243625786409 499.9 254.05190725741454 18.0
000026_gaussion.jpg 54.647766047743744 18.2966154966047 369.3998728543097 235.53578092466535 6.0
000030_gaussion.jpg 93.84674505643326 279.78644552305764 263.8694197899421 374.9 1.0 95.93528972851098 241.17280963303463 234.4062448029651 374.9 14.0 336.2666601460713 166.92531567905593 499.9 342.45880021007383 14.0
000032_gaussion.jpg 66.27702525766317 49.01845527969748 320.6102277097049 159.98811479844073 0.0 94.69163216307001 59.70640262874804 155.00625077982883 95.71072471652086 0.0 149.68389009271482 150.3705716740512 167.60945467913422 198.0968854185988 14.0 0.1 152.68781474220452 10.390859618251632 200.41412848675208 14.0
000033_gaussion.jpg 24.571518093256877 29.733753995908927 499.9 235.45295019020296 0.0 466.0739007528725 159.64851045571595 499.9 192.68101258365039 0.0 363.2938422547 140.28591035303512 455.6040860188368 184.98845432367125 0.0
000034_gaussion.jpg 0.1 119.95649948886253 359.9 499.9 18.0 29.624608429525665 122.93647332939202 289.7221936954259 328.28472209382187 18.0
000035_gaussion.jpg 12.221645427340649 92.68411770139599 226.83681430910048 324.8409455534495 14.0 219.20355541939813 89.0811673978417 482.4134521344921 283.55064054911276 14.0 469.6718624858571 172.0266867092852 499.9 277.8279349482046 14.0 40.50675932460563 265.99817211609184 499.9 336.87179296899586 10.0
000036_gaussion.jpg 0.1 0.1 304.6517283027922 327.84988493910714 11.0
000039_gaussion.jpg 54.652719576400315 116.48907749411781 329.7328713603828 355.0230485170679 19.0
000041_gaussion.jpg 0.1 111.63122347903575 38.63468036091189 194.31400176075647 19.0 98.143527222871 111.77555772016731 250.8959687637116 332.9 14.0 201.67313714237224 152.7126612820928 295.6145421539759 270.2502319422269 14.0
000042_gaussion.jpg 349.22173174904975 35.19016637985028 499.9 285.87761982223867 18.0 38.39431421310191 57.525250066045764 344.2721508057183 308.00012504556156 18.0
000044_gaussion.jpg 55.40626848856596 0.1 466.31682623429833 332.9 8.0 169.36439511351853 101.24783601131205 376.76207991948246 276.95554531746853 7.0
000046_gaussion.jpg 155.33754070406775 268.5691528474636 331.9 466.5678226533956 2.0
000047_gaussion.jpg 0.1 0.1 499.9 332.9 6.0 367.0478678795276 174.1342437857906 463.4089249659374 271.68838345903976 8.0
000048_gaussion.jpg 0.1 46.42184457466833 344.80520486312435 459.2972595168333 2.0 0.1 0.1 374.9 499.9 14.0
000050_gaussion.jpg 315.3165192984418 145.53305912465544 410.7274187330009 280.81225591885016 8.0 202.02949817026303 152.66929343148038 241.73355816269117 207.36062526087167 8.0 286.4313872597163 212.39410295342773 319.8245804646038 301.10156806104624 4.0 316.4435345899823 191.71793558077948 347.35034520249843 258.7794309805381 4.0 209.00967753738144 215.8656274019127 241.09277436594334 297.6155112902986 4.0 228.08335114508003 207.17034631546923 257.23636528254394 286.02148023454595 4.0 22.78047907019979 118.07311951294602 270.7037529935489 374.9 14.0 0.1 128.8793921962739 90.10236789927285 374.9 14.0 113.90866804126918 92.17271109159721 203.5792096406759 256.0564276343687 14.0 196.9791950563638 59.13606836342346 334.70734592938413 284.08817290376965 14.0
000051_gaussion.jpg 359.04637566802387 98.33841833319553 499.9 329.9844841636641 13.0 117.28452599692507 3.2014418788095185 455.18030813318256 283.16571644033303 13.0 381.8139922225512 43.39305670934898 467.6777266469241 166.13092064077676 14.0
000052_gaussion.jpg 366.2126182305431 134.0101910782559 427.30849150042053 174.86068280951184 15.0 229.77748529752517 188.18589922041446 289.3740667627258 229.7189550087984 15.0 108.71005408940829 231.71344960228026 171.30520488285845 275.5435093862334 15.0 0.1 287.84487971144404 27.748468010110003 329.1613093833565 15.0 0.1 174.37198188476734 -16.480161810867145 219.35054366650502 15.0 55.86052852402378 125.2562196744037 114.70746408688603 167.13055749135162 15.0
000060_gaussion.jpg 45.30189683473086 45.76157379931172 476.85704025005896 333.9 6.0 20.067950425786822 0.1 488.51318681779685 269.0596935917854 6.0 8.292108768279604 0.1 407.9669352115509 175.31578514997477 6.0 38.467395584418874 0.1 436.50842294765124 155.66044340087709 6.0 171.15821214558505 0.1 438.9862162588367 74.07168563419927 6.0
000061_gaussion.jpg 296.9590609311754 0.1 480.7152065861847 206.42773264034287 3.0 262.2865888667161 150.10345612713925 348.52079282157183 209.60931678582887 3.0
000063_gaussion.jpg 201.4024171520863 29.84877494073619 472.484378295668 273.68414431674734 11.0 128.51122114664537 0.1 499.9 374.9 8.0
000064_gaussion.jpg 0.1 0.767042011179015 495.9 499.9 2.0
000065_gaussion.jpg 63.33146210770262 54.68680637897188 439.5856847155836 320.3757873346083 11.0
000066_gaussion.jpg 226.69564712742851 132.62888089804505 257.27817106120756 177.09196827199483 14.0 258.61343590289965 115.9939813591392 311.339030038746 195.08422312165288 14.0 287.4125807627852 116.00605966949907 332.4968426393386 188.01539594736371 14.0
000072_gaussion.jpg 0.1 86.88988050885229 332.9 499.9 13.0 55.947637764631736 57.48491754383555 332.9 317.4772733097801 13.0
000073_gaussion.jpg 124.20164109526361 178.60002831011926 374.9 499.9 15.0 23.13748963184726 169.50335148840213 128.98594204131456 499.9 15.0 273.42188182462235 217.19454760378568 374.9 421.24112135448235 3.0 33.01395817130988 161.37267794331044 200.66192944686404 499.9 14.0
000077_gaussion.jpg 121.62979293595112 3.768496016020844 442.30136007403246 332.9 7.0 0.1 0.1 260.86061265540883 332.9 7.0
000078_gaussion.jpg 113.82758785076132 40.00677804603326 499.9 418.9 11.0 164.67664537232346 14.368289493749558 477.4794535394778 332.4259271876806 11.0
000081_gaussion.jpg 328.4513847084483 103.33605699523505 499.9 259.06575472935333 17.0 68.74828468468701 171.54693465583182 358.53299567094655 332.9 17.0 285.16609010440686 132.716172835458 471.8987590399898 228.3661561701791 14.0 456.2790943340566 95.91196841100324 499.9 217.30046797283023 14.0 128.76762444159274 181.18813400001625 303.99938376778374 332.9 14.0 92.98756427732292 209.15369378828197 157.35744919987079 257.42516878759955 14.0 426.6008919303096 180.05981469213106 499.9 283.1138176596588 14.0 299.9083649928022 181.48430354529543 490.1211233568793 306.8456420932599 14.0 409.3096565539798 248.89789792201665 481.7541007804471 290.27700987536366 14.0
000083_gaussion.jpg 171.11058851891354 44.54909557026261 499.9 332.9 6.0 370.4395249235305 19.24921452586817 472.6077367200811 155.5525676406507 14.0 185.4926894545947 93.3393048348799 273.48309568190825 200.297526706339 14.0 80.4398659312078 129.60229627749197 220.1419997280713 317.6274591533153 14.0 139.232004650929 145.1125878607808 229.53759298470573 258.22937262108564 14.0 118.54721379243676 155.9449156044115 207.82333281290715 271.03075270688413 14.0
000089_gaussion.jpg 0.1 0.1 289.3817230818838 373.9 14.0 149.26580261497185 153.0496021352037 499.9 373.9 14.0 401.68709710144714 69.48897589828366 499.9 331.2360158726465 14.0 12.74455466060251 7.959423119156682 427.8353912140595 322.55317208636274 8.0
000091_gaussion.jpg 203.36944456950965 237.283333248964 267.92884971934484 286.52193483781804 6.0 164.79555634666463 253.65465996959372 187.24016832442294 275.6465977091849 6.0 173.77406751303704 253.36641409679447 206.20116896599154 280.4158045898552 6.0
000093_gaussion.jpg 93.92769979736337 159.05084349594233 290.7148730397177 320.6796336612165 11.0 0.1 6.5895073285220676 463.7034076988868 338.9 8.0
000095_gaussion.jpg 54.95185266028225 26.932162914030343 499.9 322.9 18.0 69.33240141828867 201.52739418815537 214.74440593099456 322.9 18.0
000099_gaussion.jpg 0.1 106.61611455323462 279.6334866341137 340.7033954081545 7.0
000101_gaussion.jpg 266.06251752199125 20.275544412575073 434.0631925907318 151.73289759830325 8.0 112.24514360261765 3.0440795747196674 481.4832842468619 281.98357209562414 14.0
000102_gaussion.jpg 387.28122386993937 173.9286931921753 496.87826501083913 314.42243360509974 17.0 135.5381510229658 73.77869990301521 378.361533354133 247.572260807685 17.0
000104_gaussion.jpg 368.8211582852757 190.59497925168534 499.9 332.9 19.0 225.40491284897126 81.7043674577987 499.9 332.9 14.0 0.1 0.1 499.9 310.3661496956744 14.0
000107_gaussion.jpg 422.6887483085874 124.60396177284325 467.1659525500239 187.05741500233017 16.0 251.5047193768172 149.10407555558152 296.44823167162707 189.92316902681816 9.0 200.23664371140438 168.5850854989775 223.64892169032527 197.01343107806898 16.0
000109_gaussion.jpg 0.1 0.1 463.7225784982226 253.9 2.0
000110_gaussion.jpg 189.36808355312894 291.076350199967 227.05078142838644 367.8981667653977 14.0 169.04380602763314 292.9278300390457 212.61309385639487 374.9 14.0 150.9558308668819 300.157511718299 177.28703802116257 365.3676797546656 14.0
000112_gaussion.jpg 21.9341246569537 80.9557604978603 195.9558312816964 258.63170824888255 11.0 202.7632929202394 91.05084064259765 227.87697481068787 130.59437092882558 8.0
000113_gaussion.jpg 248.8138140525277 122.0445644432049 341.2523542129305 283.614855699731 14.0
000117_gaussion.jpg 80.20592925355 66.0676858569289 499.9 332.9 0.0
000118_gaussion.jpg 72.16382879384578 20.275273674990956 324.2991768338562 345.4296096407649 7.0
000120_gaussion.jpg 59.39791896143926 140.93341139347663 466.16824660708966 352.46170029820746 11.0
000121_gaussion.jpg 0.1 0.1 298.2900810417627 306.46661566530565 19.0 219.61966295089212 0.1 499.9 229.84383213758338 19.0
000122_gaussion.jpg 67.0015479190013 133.20434916950296 439.78595427550084 479.9 7.0
000123_gaussion.jpg 0.1 85.38908357995764 332.5321199828056 374.9 18.0
000125_gaussion.jpg 31.627339539933416 260.70350806596036 105.90266422604563 343.0611295380806 1.0 50.772766804846114 232.04627463123296 84.28457396467397 278.2361177048632 14.0 97.71910061960637 238.63208309387164 139.7189496441202 315.1385303743524 14.0 124.41633753777666 234.44027967435522 164.00547552766204 310.0736650795657 14.0
000129_gaussion.jpg 11.718370316781034 254.83063511661427 261.62914245474246 499.9 1.0 180.305926299357 277.1497041271684 329.94256810659357 499.9 1.0 0.1 242.2757535988858 79.7453066323433 499.9 1.0 0.1 86.59125937422465 56.84920560712766 498.9133346505912 14.0 0.1 31.03781729389189 264.8611133461974 499.9 14.0 113.86933226983115 33.94844425628783 326.01917271567584 499.9 14.0
000130_gaussion.jpg 0.1 0.1 481.8044902050671 245.84357298614367 3.0
000131_gaussion.jpg 0.1 45.509013649897554 499.9 332.9 6.0 119.34883108655458 111.86128053012533 191.71682364686845 154.69206630704093 14.0 197.05466406649424 128.40166691828114 263.38803691750354 173.9422754906789 14.0
000132_gaussion.jpg 81.5569677584439 23.22958263575042 307.2145938989065 406.47731971394944 5.0
000133_gaussion.jpg 27.435182845119797 27.528997526984536 405.62517963367554 499.9 14.0 97.28719060535173 270.081178845961 327.7050484381661 499.9 12.0 0.1 46.26220796989318 32.81200263600252 164.654738830643 14.0 0.1 103.20721602049392 102.30721447354026 165.7389810972184 12.0
000134_gaussion.jpg 82.05066617497052 43.150255414404825 499.9 370.9 6.0
000138_gaussion.jpg 94.3757325248094 0.1 280.9448462169197 199.97303660524807 14.0 221.25038931921512 0.1 391.94858214639044 221.92289487297825 14.0 270.87173712885874 0.1 499.9 331.9 14.0 391.99049641912745 64.03348293369396 499.9 331.9 14.0
000140_gaussion.jpg 62.79449159314194 185.73006439137467 316.9097554904821 352.97918333376595 11.0 0.1 147.6138977309122 425.5051552992319 400.9 17.0
000141_gaussion.jpg 0.1 63.35703650391665 378.52380873130954 420.8852888246313 2.0
000142_gaussion.jpg 0.1 144.44491270808612 431.49086569407666 349.79082698071136 6.0
000143_gaussion.jpg 169.7503919540925 69.6039679986115 499.9 332.9 7.0
000146_gaussion.jpg 45.50793472536992 222.44266880854175 268.28220067171884 481.2254824829531 14.0
000147_gaussion.jpg 0.1 102.95025103591337 -35.00772855881996 142.44732716909064 8.0 0.1 114.52903938649514 20.31953520168382 149.0077662123038 8.0 54.43360393789422 129.87835291825354 89.21000517933078 154.70829720856494 8.0 146.62168844188096 142.5638664206837 170.9242122391741 163.9799847858626 8.0 232.2961456428837 143.95403606114436 262.57380946240477 169.3712650308358 8.0 313.3378775191772 144.12759839860885 348.58323642039204 175.27116462723703 8.0 384.37468961110557 140.88733481094084 421.0964511126329 176.61929632346164 8.0
000150_gaussion.jpg 113.72778370467753 4.757180357887421 313.79820266187187 245.82718267545744 12.0 337.5366697173671 33.898361946096685 382.8821973768423 99.76021020732372 14.0 399.80521763458523 50.994745720732226 441.51426820461563 119.4694845578939 14.0 465.30477874483495 74.13689172996186 497.01578481501247 126.10580688357197 14.0 477.72835063558205 75.20329209476495 499.9 130.8472486165034 14.0
000153_gaussion.jpg 211.25012711368342 119.80496191276598 326.2261731987081 165.18011976413592 6.0 375.6949295219615 35.70903318604603 402.7282343469044 49.91514067263411 6.0 425.8425433709368 93.06403979794425 491.64958246878155 105.30604750917226 6.0 474.397209191342 89.401128579997 499.9 103.36398989941674 6.0
000154_gaussion.jpg 48.872819491625386 61.935371548850085 383.933465921897 294.1632219928537 3.0 395.50966652146485 261.26171119193594 417.59313734228704 281.190930973701 3.0
000156_gaussion.jpg 0.1 15.866531893729771 356.47686836669914 374.9 17.0 379.5054285059122 207.77473248862265 450.7086504720638 277.77904750734643 6.0 354.5120214468071 208.09208746059608 391.97338529820104 251.7749318856463 6.0
000158_gaussion.jpg 257.73427476014024 145.69946949856023 341.296841217706 258.4140039430589 2.0
000159_gaussion.jpg 264.52506048282237 61.08097784146429 335.05642757524737 160.28698497805044 14.0 32.467795628507396 0.1 499.9 332.9 6.0
000161_gaussion.jpg 96.06597700040639 0.1 499.9 376.1581255360008 6.0 78.27679291781939 102.27828186601485 159.89604991295818 207.8400152026478 6.0
000162_gaussion.jpg 313.20858340026587 272.9619003832855 395.98240527076734 366.53612465570103 19.0 192.27094424041306 159.21482470514985 325.2650448244224 374.9 14.0
000163_gaussion.jpg 0.1 0.1 329.57733372813334 343.5978188031596 14.0 0.1 50.973965098353986 488.7351708477787 431.9 13.0
000164_gaussion.jpg 96.19917534485474 120.25139103948038 442.6625408066447 374.9 13.0 288.5742238645414 59.91102660707429 499.9 374.9 14.0
000165_gaussion.jpg 67.355972253875 0.1 470.9887142153691 385.9 14.0
000169_gaussion.jpg 13.868929386444592 0.1 482.3983916505239 297.91508475374894 6.0 128.69291288789213 0.1 191.66856569427955 -33.31695241292546 14.0